4294967279,85
4294967279,84
4294967279,347
4294967279,319
4294967279,87
4294967279,86
4294967279,283
4294967278,328
4294967279,353
4294967278,399
4294967279,568
4294967278,181
4294967279,181
4294967278,179
4294967279,91
4294967279,90
4294967279,89
4294967278,176
4294967279,176
4294967279,278
4294967278,372
4294967278,172
4294967279,92
4294967279,274
4294967278,170
4294967279,170
4294967279,94
4294967279,93
4294967278,168
4294967279,168
4294967278,167
4294967279,96
4294967279,95
4294967279,370
4294967278,165
4294967279,99
4294967279,98
4294967279,97
4294967279,312
4294967278,425
4294967278,163
4294967279,104
4294967279,103
4294967279,102
4294967279,101
4294967279,100
4294967279,364
4294967279,268
4294967278,300
4294967279,359
4294967278,159
4294967279,117
4294967279,116
4294967279,115
4294967279,114
4294967279,113
4294967279,112
4294967279,111
4294967279,110
4294967279,109
4294967279,108
4294967279,107
4294967279,106
4294967279,105
4294967279,338
4294967278,418
4294967278,22
4294967278,21
4294967278,20
4294967278,19
4294967278,18
4294967278,17
4294967278,16
4294967278,15
4294967278,14
4294967278,13
4294967278,12
4294967278,11
4294967278,10
4294967278,9
4294967278,8
4294967278,7
4294967278,6
4294967278,5
4294967278,4
4294967279,132
4294967279,131
4294967279,130
4294967279,129
4294967279,128
4294967279,127
4294967279,126
4294967279,125
4294967279,124
4294967279,123
4294967279,122
4294967279,121
4294967279,120
4294967279,119
4294967279,118
4294967294,1091
4294967294,1090
4294967294,1089
4294967294,1088
4294967294,1014
4294967294,1011
4294967294,1008
4294967294,1007
4294967294,996
4294967294,401
4294967278,157
4294967279,349
4294967278,156
4294967279,155
4294967278,311
4294967278,152
4294967278,151
4294967278,150
4294967278,434
4294967278,413
4294967279,337
4294967278,148
4294967278,146
4294967294,30
4294967294,1167
4294967294,1166
4294967294,1164
4294967294,1163
4294967294,1158
4294967294,1019
4294967294,992
4294967294,990
4294967294,989
4294967294,988
4294967294,987
4294967294,60
4294967278,145
4294967278,144
4294967294,12
4294967278,143
4294967294,1094
4294967294,1093
4294967294,1092
4294967294,1015
4294967294,1012
4294967294,1006
4294967294,1004
4294967294,1002
4294967294,999
4294967294,998
4294967294,997
4294967294,995
4294967294,190
4294967294,182
4294967294,176
4294967294,173
4294967294,170
4294967294,161
4294967278,60
4294967278,59
4294967278,58
4294967278,383
4294967278,57
4294967278,349
4294967278,56
4294967278,55
4294967278,441
4294967278,54
4294967278,53
4294967278,52
4294967278,51
4294967278,50
4294967278,49
4294967278,48
4294967278,47
4294967278,46
4294967278,404
4294967278,45
4294967278,44
4294967278,313
4294967278,43
4294967278,408
4294967278,42
4294967278,41
4294967278,435
4294967278,40
4294967278,39
4294967278,38
4294967278,37
4294967278,36
4294967278,35
4294967278,34
4294967278,33
4294967278,32
4294967278,31
4294967278,29
4294967278,307
4294967278,306
4294967278,27
4294967278,26
4294967278,25
4294967278,24
4294967278,23
4294967278,347
4294967279,323
4294967279,82
4294967279,75
4294967279,74
4294967279,70
4294967279,66
4294967279,64
4294967279,63
4294967279,62
4294967279,61
4294967279,60
4294967279,55
4294967279,53
4294967279,50
4294967279,47
4294967279,39
4294967279,36
4294967279,34
4294967279,31
4294967279,29
4294967279,22
4294967279,17
4294967279,16
4294967279,10
4294967278,30
4294967278,439
4294967279,286
4294967278,28
4294967279,26
4294967279,267
4294967279,27
4294967279,322
330,7
4294967279,25
4294967279,285
4294967279,24
4294967279,284
4294967279,259
4294967294,1009
4294967294,162
4294967294,185
4294967279,21
4294967279,271
4294967279,345
4294967279,270
330,6
330,5
330,4
330,3
330,2
330,1
4294967278,348
4294967278,340
4294967279,13
4294967279,276
4294967279,262
4294967279,11
4294967279,273
4294967279,257
4294967279,256
4294967279,255
4294967278,256
4294967278,403
4294967294,387
4294967294,1171
4294967294,385
4294967294,168
4294967294,112
4294967294,467
4294967294,454
4294967294,464
4294967278,391
4294967278,254
327,6
327,5
327,4
327,3
327,2
327,1
4294967278,248
4294967278,334
4294967278,243
4294967278,394
4294967278,237
4294967278,234
4294967279,383
4294967278,230
4294967278,226
4294967278,224
4294967278,222
4294967278,442
4294967278,339
4294967278,213
4294967278,337
4294967278,212
4294967279,339
4294967278,207
324,6
4294967278,209
324,5
324,4
4294967278,208
324,3
324,2
324,1
4294967278,360
4294967278,203
4294967278,201
4294967278,200
4294967278,197
4294967278,199
4294967278,198
4294967279,81
4294967278,196
4294967279,196
4294967278,195
4294967279,195
4294967279,330
4294967278,194
4294967279,194
4294967278,193
4294967278,331
4294967278,330
4294967279,382
4294967279,79
4294967278,384
4294967279,78
4294967279,191
4294967279,358
4294967279,190
4294967278,189
4294967279,76
4294967279,189
4294967279,341
4294967279,188
4294967278,187
4294967278,186
4294967279,73
4294967279,331
4294967278,182
4294967278,185
321,7
4294967279,185
321,6
4294967278,184
321,5
4294967279,184
321,4
4294967278,183
321,3
